0 Sticker  1.1 x  1.8 with White Stripe on Black Face (Formed)
0 Name: 6009194bc01.dat
0 Author: Massimo Maso [Sirio]
0 !LDRAW_ORG Unofficial_Part
0 !LICENSE Redistributable under CCAL version 2.0 : see CAreadme.txt

0 BFC CERTIFY CCW

0 !KEYWORDS Set 30195, Racers, Ferrari, FXX, Polybag

1 16 0 1.0951 0.02 1 0 0 0 0.999334 -0.036504 0 0.036504 0.999334 s\6009194bs01.dat
1 16 0 2.4428 0.1232 1 0 0 0 0.995499 -0.094775 0 0.094775 0.995499 s\6009194bs02.dat
1 16 0 3.7356 0.319 1 0 0 0 0.984683 -0.174354 0 0.174354 0.984683 s\6009194bs03.dat
0 // Conditional lines
5 24 -18 .25 23.156 18 .25 23.156 -18 .1460 26.0027 -18 .899 16.339
5 24 -18 .899 16.339 18 .899 16.339 -18 .25 23.156 -18 2.0356 9.9196
5 24 -18 .0026 23.1397 18 .0026 23.1397 -18 -.1017 25.9936 -18 .6532 16.3056
5 24 -18 .6532 16.3056 18 .6532 16.3056 -18 .0026 23.1397 -18 1.7916 9.8764
